⁵ 111 ’ ,1111111 11111111101 1111111111. 111

Iuncus, Lingunsns, 880, CXXIV, 1013.
11101111 8.), 1111111111, 031, LXXXI-LXXXIV.
111181, 11111111, 1111, CLXI-CLXII.
1111111 (8.), 011111111111, 1120, CLXIII, 1199.
11111, 1111111111.. 88109110.

1111111, 11111111111, 131, 1, 591.

1111111, 111111111, succ. 11, LXXII, 819.
1111111111111111111, 129, LXIII, 397.
1111111,11111111111(8.), 711, LXXIII 113.
1111111, 9111111111.. 11. 111111, 11111119111081.
1111111, 01111111111, 11. 111111,,01111111, 1391.
1111111,11111111.,1188, CLV, 1110.

1111111, 11111111, 11. 111111. CLXXXII, 680.
1111111, 9111111111, 1180, CXC, 1012.
1111111, 81111111, 0111111111. 1100, CXCIX, 9.
111111101111111111, 1208, CCXI, 101.
11111111,811111111.,1019, CXLIII. 901.
1111111, 11111111, 1079, 0119119.
1111111111, 1111111111,1111, CLXXXV, 979.
11111, 1111111111, 812, CVI, 117.

11101111, 11111111111,1011, CXLII, 1311.
1111111111, 811111111111, 1118, CXC, 1039.
11111111, 81111111111.,1111,0111111191, IIII.
11111111, 81111111, 111, XXI, 1167.

Iunilius, 111111111, 810, LXVIII, 11.

111111 (8.), 011111111,110, LXVII, 961.

1111111111, 0111111111, 11. 111111. CXXXII, 161.

1111111111, 1111111111, 1119, CLXII, 627.
111011111118.),Ρ11111111, 611, LXXXVII, 191.
1111111111 (8.1 1111111111, 110, LXVI, 97.
nuncu 11.), disputem. 11111111, 111.

uso, 1111111111, 1111111 1111.
1111111111.. 1111, 1111111, 1111.
leudegarius, (8.).1111111011, 678, XCVI 129.
1111111111111111111. Cypron, 610, 11111111, 831.
1111111111, 011111311191, 1111111681.
1111111111 (8.),01111111111, 1016, CXCVI, 1117.
1111111011, Suessionum.. sn. 111111, CLXII, 691.
11111011, 91111111.. 868, CXXIX, 1892.
1010010010 1111111970
Lucus, 010111, 11. 111., CCVIII, 9. ’

1111111, 01111011, 871, 11111691.

111111, 1111111.. 258, 19, 121.

1111111111111111, 169, CXXX, 168.

11011111, 111111111011110, 809, XCIX, 711.
ffliiiss'ii'riiii'ie'niw ’tigfliubiiixvn 1111.
1111111, 0119111111, 909, 0111111198.
111111011,111011111.,1196, CLXXI, 1151.
Murcus, 10111111, sn. 111111. XCVI, 1311.
Murius, 111111111111.. 591, LXXII, 191,
Martinus 811111111, 812, LXXII, 11.

Martinus, 91111111.,1111. 11, LXXIV, 881.
11101111, 0111111, 11. 111. OC, 1119.

Mauricius, 01 81111111, parisiens.. 1190, CCV, 881.
Mauricius, 911111111,1111. 111, CC. It20.
ttuimus (8.), 0111111111, 266, LXXX, 609.
111111110190110111919·
1111111111, 11111111111111111, 111.

19111111 (91111101) 91111111, 1211, CCXII, 91.
Nicotaus, 11101111, 1110, CLXXX, 737.

1011111, 81111111111, 11. 111. CCXI, 173.
1911111011, 1101111, 1101, CLIX, 977.
ccciccc·accinctu}¹³⁵·

001, 81111111, tiss CLV 175.

001, 01111111111, IIIa, CLX, 1009.

001, 0111111, 1118, CCV, 911.

001 dc Sotiiscu, 911111111, 1101001111, 17.

01111, 111111111.,1017,011111, 589.
0111111(8.),110111111., 870, XI, 119.

0111111111 (8.), 11111111. 110, LXI, 973.
1111111111... 1119111, 1111.

0111, intingens, 1152, CLXXXIX, 1198.
0111(8.),81111111111, 1131, CLXXIII, 1261.
91111111 (8.) 8110111111, 397, XIII, 1011.
911110111, 911111110111, 117, LXXIII, 1061.
9101οΞ1118), 11111111011111, 611, LXXXVII, 211.
91111111111 LII 11111, 1101, 1291.

9111111111 (8.), 11111111, 110, 1111, 799.
91111111,11111111 131, LXI, 9

nantinus 1111111101111,111,1111, 1111.

cautus 11.), 1111111111, 111. 1111111111, 111.
uitmi’coffiiii'uis, Psiistsus.,'1164, CXCI, 192.

Petrus, 9111111, suc.. 1110110, 1021.

911111, 01111111 911111111, 1111111, (11911 1169.
Petrus, 0111111, 0111111111, 1191ὶ CCII, asi.
iiiitiiiiffcist'iisiiffii?'itii'ciiii⁰6⁴3&
11111111, 111111111.,1111,0111 1111;11111, 1111.
9111110111(8.), A cuncus.. 100 XX, 9.
Ρ111,711111., 11 ,1111111 111. ,

Punicus, 111. fineen, 1111, 0111111, 111.
9111111111 (8.), 8111111111, 167, LXVIII, 359.
Pontianus, 111111111, 510, 1111911991.
8309οἓοἱ1910ζοὶ0.10·οω ³¹²·
VIIII: 1010119110·

9111111111, 011111111111, 810, VIII, 1109.
9111111111, 1011111111, 1111119111, 101.
Prudentius (8.). 0111111.. 801 CXV, 961.
11111111, Ar 11111111,198,1091, 1019.
9101101118), 0111111111.. 918. CXXXII, 181.
91011011, 011111111, 1098, CLX. 1198.
1111111011, 11111118111, 1116 CLV, 1219.
11111111111111111111, 11111111, 1.
1111111111111111111, 650, LXXXVII, 211.
1111111111, Cutius, 151. 119, 966.

111111111ου1, 1111111011, 918, CXXXVI 961.
9111111011, 111111111111, 1101, 0111111, 159.
9111111111(8.) 9111111111, 888. CXXVI, 991.
Remigius, 1111101111, 118, XCVI, 1582.
Remigius, 0111111, 620, 011, 1093.

1111111111, 1111111, 618, LXXVII, 81.
9110111111111, (8.), 01111111111, 623, 1111111311.
Ithsticius, AEdusus, 11111111. 91, 15.
91111011,011111111111. 1118, CLXXXIX, 1011.
91111111, 81111111111, 902, CXXXI, 18.
91111111, Mutuus, 910, CXXXII, 521.
911111111110111111, 1015. CXII. 1131.
91111111 911111101111, 11. 111. CXC, 1019.
III2III:·II¹¹¹:IIII:.·’IIIIVIIIIIII.
911111, 111 11111, 901, 0111111111. 951.
1111111111, 111011111, 1015, CXLI, 1181.
91111011, 8111011111, 801, CXIX, 715.
1110111111,11101111, succ. 111., CXCVII, 111.
Rufinus, 1110111111. 1010, 01, 1591.

11111111, 1111111111, 120, LVIII, 97.
110101011.1·.10919111

Saulus 011011111, 889, CXXI, 161.
8111101111, 8111111111.,11.111., CXXIX, 1112.
8111101111, 111111111, 1901111. 1081.
8101111, 89111111, 596, LXXII, 769.

8111111, 1101101111, 180, 111111111118.
81111011, 0111111111.,1215, CCXIII, 9. m ⁴
1011100111.0111111οῗ· II: ³⁵·
81811111, 1111111.,110,111111111 189.

simo, 11111111, 1111, ccxxii, 1111.
811111111, 0111111.,721,1111111911, 1102.
Stephanus, 111111111, 618, 111111191181.
Stephanus 01101111, 920, CXXXII, 611.
811111111 0191111111, Augustulum, 1136, CLXXII,

{271

811111111911111111, 1112, CLXXIII, ¹³9⁹:
8111111111 Mutuus, (1110111101, 1811.
Stephanus 11110111, 11. 111. 00, 1111.
811111111 9111111111, 111. uu, 00911, 1111.
Stephanus 0111111111, 1208011111, 201.
{XIIII,II‘IIIIIVLIIIIIIIII³10.
011110111111, 761, 091, 1119.

0111111111. 8111011111, 136. LXVI, 97.
Theodericus, 1111111, 981, 0111119111859.
Theodericus, 011111111, 1010, 151, 219. ,
Theodericus, 1111111111, 11180111111191, 1859.
01110111111, Cyri, 1111. 11, LXXIV, 0.
0111011011, 8111110111, 519, LXIII, 111.
011101111, 0111111111.,182,111111 72.
0111011111110111111, 1021111111111, 15.
01110111111, Aurelianensis, 911, 09, 187.
011111111, Mutuus, 1119, 0111111169.
0111111111, 1111111111111, 1008, CXXXIX, 1189.
01111111, 811111111, 110, LXVII, 995.
0111111111, 1111111111, 150, 1, 1293.
1101111111. 11111111, 913, CXXXV, 909.
-010111Μ1111111111, 399, XVIII, 151.
01111111, 1101111111, 1118, CLXXX, 1811.
0111111111011111, 1130, CLXIV, 1339.

 

