611

111 11101111 1151011111.

ἓο01110110110110, 651, 6116611, 611, 656.
110601 abl). Troolaranara, 1001111, LXXXVIII, 717.

111 diocese· 1061001011.

Barlhelradus 00110, 666, LXXXVIII, 1178.
1006611101 (S.) 6001010011116611, 661, 6616, 612.
Adalhardus (S.¹ abb. 1101601000, 666, CV, 566.
lassa 00110, 66666, 766.
12ὲ11101601101 61101610016016. monach, 856, CVI,
Nilhardua S. lliaharii abhas, 658, CXVI, 36.
Paschasius Radbertus abb. Corh., 665, CXX, 6.
1111110001 6016. monach.. 6666611, 6, 1156.
100116111016016.166., 866, CXXIX, 61.
Ηἒο011110001166. 61111611. centul, 1515, CXLI,
Cnidos 110, 1671, CXLVI, 1567.
60110 66016, 1666, 66, 1161.
6081111100 (S.) episc.. 1116, CLXII, 166.
6010100100110, 1116, CLXII, 611, 656.
Guarinus 00110, 1166, 6616111, 1665.
’31301116010110110008.61161111,100111;6666161,
1610011101 16611 60111010, 1156, CLXXXVI, 1116.
Theodoriana 00110, 1116, CLXXXVI, 1656, 1662.
6111101101 Camerarius 6016.. 1116, 6616616, 1161.
1100060 6011110, 1171, CXCVI, 1556.
1101100110110, 12666661, 66.
16101101, 1266, CLX, 166.

111 diocesi 10110010οε1.

Falco 10011.. 1666, 6661, 666.

Bernardns 116011161010111. 1666, CXLI, 121.
6100060106, 00110, 1661, CXLVII, 1262.
611000111011110111111161, 1666, CXLVIII, 1116.
60100 00001, Ι1666; CLV, 166, 66611, 1667.
11000 110 611111101101, 1136, CLXIII, 1661.

61110 1111110. monach. S. 116101,10101111, CLXIII, 68.

[11001101 10110, 1116, 66166, 1612.
6101101101 001011, 1156, CLXXXVI, 1651, 1661, 1121.

10 1111111011· 10161101011011.

100111011 110, 576, 61611, 166.

Palladias (ἕ.) 10110, 651, LXXXVII, 261, 216.
61011101 10110, 676, 66666111, 1166.

11011001 0001110, 661 66116, 126.

11001 ’0100010601 8 Germani, 666, CXXXI, 16.
111110 101 7011111101, 1115, 666. 1171.

Cnido 6001101ιο. 166., 1156, 6666161, 1116.
1100111101 110 6001101110 monach.. 1115, 666, 56.
11100110110, 1166, CCI, 166, CCX, 6.
611111100110110, 1010111, 66, 1166.

10 1110110110οΜ.

11110110 1100100100111, 716, 66616111, 1676.
61ιο0101101, 168, LXXXVIII. 1261.

60601016001101, 117, LXXXVIII, 1611, 1616.

11111110 00110, 116, LXXXVIII. 1611.
110001100100100111, 118, 66616111, 1616.

Remigius 00110,116,6661, 1586.

11101110 00110, 768, 6661, 1666.
“waldrammus 00110, 626, 616611, 516, 516; LXXXVII,

Iilho 00110, 665, 616116, 1561.
11110061110110111, 661, CXXXVII, 562.

lirano 00110,, 1166, 66661, 1616.

1111111111 1106006010. 16611.,1166, CXCIV, 1567.
1111101111, 1106106010. 16611, 1166, 66616, 1561.

111 11010016 Arelatensi.

Hilarius (6.) 10110, 116, 6, 1616.
Igflffl 1616011111ξῖ ’01111113 fili, 110.
6101111016.) 00110, 516, 66611, 661.
Aurelianus (6.) 10111.. 615, 666111, 666.
611111100101116 ., 515, 61611, 1665.
11010111 616, 6116166.
60106111011116100, 1557, 666111, 1686.

10 11100001Ι 1605010011.

1111010101 0001011. 8. 61111111, 661, 66,·156.
61601001 16611 8. 61111111,1616, CXLI, 1666.
Andreas 6. 1611. 6110010111, 110011, 66661, 756.
’10001101 monach. 1111000, 1666, 666611, 586.

1111 Β. 000161116010010, 100116060111111 01111, 1165,

CLIIa’nIlIgrlna 10110, 1116, CLXII, 615; CLXIII, 151.

-11001111111011000 1001001111.

111 ’

111 diocesi 16111011· (1111).

ΩΙ’60111110116166 8. Severi 10 110111 61110010, 1161,

10 11100011· 1011010011ηεὶ.

60111 presbyter, 715, 61666111, 1651, 1665.
1111111101, sithivensis 16611, 656, CXXXVI, 1229,
...
· 1 1 r 1 1
¹¹IVanardua Silhlv. 0001110, 1566, CXLVII, 1661.
1161111101 6116000111 monaalarii 0100010. 111001.

1086, CXLIX, 1516.
10 dioeem' 1000011000011.

60010101 60601. 010116, 615, 6111, 616, llll.

Ilhalioius 00110, aaa. 11, 61, 16.

Euphronius (8.) 10110, 116, 66111, 66.

60010011101 (S.) 10110, 676, 6661, 126.

101061110100111, 666, 61666111, 1261.

11011110οο601 00110, 656, CXXXII, 112.

ἓέἓῖῗιῖἷῖἶοζίτιῖθνῗῗῑιῗξ 115113 cair, 1. Ι
0161ὶο190ξο1 01101, frater 6. 11000011 Cluniae, 101. 11,

solorius, 1110011110, 11.

Stephanus 110 61101100 00110, 1110, 666611, 1672.

61010110100111, 1161, 6 6116, 1116.

11001100110110, amo. 111,661666,1161, 1156.

Ilugo Piolaeinua 0001111, 00111101 6111110101 11161111

61101110, 1161, CXCIV, 1566.
111 11101011· 1110600101.

6006060601 ahh. S. 101101, 861, LXXXVIII, 1166.
’1600601101 10110, 821, 66, 166.
1001110111.,812, 661, 116.

611161101001110, 667, CXIX, 125.
1110111601 101110. 000116. 818, 66616, 666.

6116111101 1116. 6101110, 616, CXXXVI, 1662.
&affalius &ciaconus monach. apud 10111110, 11101,
111011.) nouae. 111.. 1111, 0111111111.
11001001 Florian. 000016, 1668, 661116, 626.
116011011116. 1111110000111, 1661, CXXXIX, 565, 186.
11010101016101111.000106, 1061, 61611, 1661.
1101101101 601611016101110 0001011, 11171661, 1171.

11000110 8601166161. 0101111, 1116, CLXIII, ν

791162161110111, 1116, 6666661, 1652.

11000101 1116016. 6101611 Aurelian. 1166, 66611, 1125.
101000151101111160601.10101110. 1262, 66616, 1166.

10 diocesi 10010011.

0111οῑ101 (6.) 00110, 115, LXI, 616.
0110111110, 686, CXXXVII, 616.
1101111001 eomes, 1666. CLIX, 661.
611111100111011110.,1666, 6616, 661.
6010111101 00001, 1616, 6616, 662.

10 11600011· 1101010011.
1101101101 Troarnanais 166., 1686, CXLIX, 1618.

60601101 da Tumhalena abb. S. 6100111, 1666611,

¹3IIIIo 00110, 1696, CLV, 116. “
1111101101 Cudomenals, 1110 xrr; CLV, 166.
11οο11001 10110, aaa. xri, CCVII, 1151.

10 11111010Ι 6011111001.
Naulhelmus 00110, 1151, CLIII, 665.

10 diaecesi Bellovoceml.

1101001101 (6.), 166. 1100610016, 866, CV, 181.
0110 00110, 686, CXXIV, 1166.

610οο 00110, 1656, 616111, 861.

6011011001 daoanua, 1165, 666111, 1121.

110011001 00110, aare. 111, 6616611 666.
11110001 e 1., 101. xu, ccvi, 1111 ; 00111, ius.

ilelinanduaIIIgldi 1100111 monachus, saraceni,
m 10 diocesi 6110110011.
80111101 10110, 566, 66111, 166.

10 11010011 11110110οη11.

600 10110.,166, 6111, 1616. ι ,
8010101016.) 100000100 Paua, 00110, 616, 6111,

571.

 

