‘2⁷⁹
, 1000001100, 0010010 10110, 1037, CLXXXIV, 1506.

10000000000000000, 00. inc. CLXXXV, 330.
101011100080101000000, 1198. 01111, 293.
0100000, 0101001000, 1200, CCVI, 0.

1100111000,10301000000.,1018, CXLI, 1321.

“Caluenna 0011010010 80010, 1108, CCIX, 752.

1110.

1101001008. 810011 1011300 81100, 1120, 01111, 119.

¹ wernerus, 1010000000, 0100. xii, CXCVII, 268.
11ξο01000, 001001000, 1158, CLXXXIX, 1013.

winardus, 1. 100, 811, 011, 872.

1110001100, 1. 100, 156, 1011, 830.

Qfifffflfflgffl‘fflussdr 121, 11111111. 1208.

1 unus,
1111001000 (8.1,11110001 000., 1001, 01, 080.
wilhelmus, 81100000 0911001010, 1203, 0011, 589.
1111101000, 1100103000.. 0100. 111, 00, 1111.
1101οο10, 8. 9001010000, 1100, 0101, 1001.
1101100100, 8010001000, 1030, CXLI, 1201.
1101100010οι, 8100008101.,1100, 0111, 103.

X. - 1010101οο000.

Ephrem, 00100, 1111111651.
1110101100, 1. 000., 1109, CLV, 1930.
(1011000100,1100000.,1101, 011111 101.
80011000, 8001101000, 1153, CXCV, 191.

110010000801001013, 1111, CXCVI, 1539.
1101101000,10001001.,1200, 0011, 1283.

lingo, 1100000, 1101011111, 101.

9010001. 100, 00. 100, XCVI, 1361.

9011000 11100000, 8010οο100, 1200, CCVII, 9.
1110000000, 9101001000, 00. inc. CXC, 1036.
1100011110, 1101000100, 1150, CLXXXIX, 010.
1101101000, 9001010000, 10100101, 1081, CXLIX, 1211.

11. - 100010000001.

1001οη300, 1. 100, 00. 1000,, 01111, 950.

«1000100000 1. 100,, 00. 100,, 0111111930.

Cyprianus, qudubenu, 328, CXXXII, 701.
8000101001. 000., 00. 000., CXXIX, 931.

111. - Pmoun.

1100000000011000, 1160, 010, 1175.

11001000, S. 80001010, 0100011011, 1110. ’
10011010110100010000, 1115, CXCIV, 1100.
80011000, 0011010110 Major, 00100. CLXXXIX, 118.
8010111000, 0011000. 901101, 1111, 01111, 005.
8010010100 (Petrus), (1100010001, 1167, 00111, 1163.
8011100000 00 8000001011, 1000100101, 1100. CXCV,

80301001001011. s. 90111, 00100, 00, 1100.
1100010000 0 90100, 0011000. Lini.. 1315, 0111, 101.
90100100 8. 11010110, 1606, CXCIII, 9.
8000010000, 8. 11010110, 1175, CXCVI, 1118.
enutriunt, 8. 80100110 subprior, 1100, CCV, 827.
00101000, 0100010001, 1188, CCIV 1107.
nunnius 01100000000101, 01010010, 0101.
001001, Carinus, Major, 1131, 01111, 381.
00100110011000110101, 1188, CLIII, 135.

Η01011101ιο00 00 0101110000, 0100010001, 1111, CCIV,

CXI 1100110111 CCXI„
100001100110101010000, 1018011111, 1021.
1000011110, 0011000. 8000100000, 1125, 01111, 1125.
1101000000, 8001000000, 0100000, CXCVII, 250.
81001000, Ι11111010010100. 0000οο, 1100, CLIX, 000.
000, 8. Victoris, 1166, CXCVI, 1301.

000, cantuariens.. 00100, CXC. 1003.

9011100, 1111100. 000001.,1111, CLXXXV, 1253.
Petrus, 8. sepulcri, IIII, CLV, 1118.

901100, 810000101113, 00, 1316.

Petrus, 8. 90111, 1215, CLXXXV, 1162.

9011110 11οο0010100, 0101001011, 0010011, CC, 1381.
Philippus 00 11010003, 80010 spei, 1180, 00111, 0.
1110001000, 8. 110101, 1113, CXCVI 9.

1100101110 00 1011000010, 8111010001 1106, 0011, 1306.
1100100000, 0100110 801, 0000. 101. CXC, 013.

80000, 1100110801, 0100. 011, 00, 1131.

80801000, (1001000. 81000101, 00. 100. CLIII, 1125.

Ηῦ8810000000 00 1101000, 6100010001000, 1161, CCIV,

10111000, ’1000101010ηο, 1121, CCI. 1100.

10100100, 1100010000.,1100,10, 33-30.

111001ου0, 810001. 0100100000, 1108, CLXXXIX, 1011.
1101οο17001, 1110101001, 010. 100, CXCVI, 1226.

1001000 0000000010 4101001 111.

10101100 (8.), 8. 90111 00 010011000, 056, LXXXVII,

walterius, S. Laurentii 10001000, 1152, CLXXXIX,

00001001 in 1100000110, 1065, CXLIII, 1311.

'nun

1111101010, cantuariens.. 00. inu. CXC, 1006.
10001001, 0. nunnus, an. 100,, 00, nn.

1111. - 9011100101 1100101001.

1001001100, 80001000. 01000011 , 1019, CXLVIII, 1059.

CIVCdVffiuss 800100, 91000001101000. 11001014 1180,
, .

11001000010001101000100, 1202, CCX, 9.

Aurelius, Theologns, 00100, 011, 013.

1100,.1101000000013. 1011000011, 1111011011, 1109.

80001000, 100003. 9101001000, 1101, CXCII, 063.

ἓ1110111ῗ11111υ1111111ἷ pcrlkffii¹ffi'a¹ii¹.⁵i⁵1io.,cnxxxv1,
η16010000,11010101010013000. 1011000011, 1100, CXCIII,
191100110100 00 000101110οο, 1010010000. magist.. 1202,
001110119000000.80000110, 001, CXXXV, 1203.

1000000 800100 111001οῇ 812, CXXII, 0.

1000000, 0000000000. eulog, 1119, CXCIX, 1011.

1001001100, 8. Laurentii 10οο1000. 1000103, 1018,
ωΜ110101510101100 Probus, 0101000110, 0100. 00, CXXX,
ιι11111110008011011000. 01000011, 010. 100, CC, 1131.

odulricus, 10101000. 1100000, 1095, 01, 1515.

901100, 9101001000110001000 01,, 1205, CCXII, 180.

1100οο000, 1101000. 1010000011, 9 3, CXXXII, 119.

8010001000, 10001000, 1115, CLXII, 710.

110οι1100, 801010000οε. mugiit„ 1080, CXLVII, 000.

1·οοοο0000, 00101000. 0110000, 068, CXXI, 385.

Vincentius, 801010000001000011, 0000. 10100111,

721.

XIV. - 11001111.

11001011080001000000, 1010, CXLI, 885.
8010000000901101000, 1113, CCV, 010.
(0000091ηο00, 1125, CLXVI, 0.

Dodo, S. 00001101, 1020, CXLI, 805.

00101000, 8110011101, 000. 0, CXXXVIII, 111.
1100110110, 8110011000. 110, CC, 1112.

renui 00000101, 1100000, 1110, CXCVIII, 1015.
1111011011101111 1
111ῗ11111101110810οέἷ, CCCXXXVII, 3.

XV. - 00001001 rr 00000000.

100000,8100000.0000010, 1010, CXLVI, 133.
1000100, 8. 11010110, 0000010, 1113, CXCVI, 1121.
100000, 91000001101000, 0000010, 1180, CXCVIII, 9.
110011000100000. 0000010, 1120011111, 381.
Alexander, 10001000, 0000010, 0100. 10, CXLII, 725.
1180100 (8.), 10001000, 0000010, 1110, CLXXX, 721.
0100011100, 8. 80001011100101, 1100, CLXII, 720.
1110010100, 10001000. canonic, 1051, CXXXIX, 351.
801001000, 1010110100. 8100000. 00001, 1200, CCIX,

123.

8000010100, 8. 90111, 0000010, 1113, CLXXIX, 131.
80100101901100, 8. 80001011, 0000010, 1136, CLV,

1290.

1100001000, 1100000, 0000010, 006, CXXXV, 0.
0001101100, 1010000, 000., 1121, CLXVI, 813.

lingo 1101011110, I. 100, 0000010, 1113, 0111111171·
IIugn 1110101100, 1. 100, 0000010, 1151, CLXXXVIII,

1269.

Lumbnriur, 1000001000, canonic.. 1180, 011111 ¹⁰⁰³·
901100, 0001018. 110110 1101101000, 1107, 001, 9.
9011100 0011030, 11000100, 00001, run. 011, CCXII, 9.
1110001000, 8. 11010110 0000010, 1113, CXCVI, 0.
Theudoricus, 9000101110, 1070, CXLVII, 331.

XVI. — 9000010001, 0000000100, 0010010111.

o resbyi, 1000, 0111111, 1109.
1101 00, 0100οΞ1.,ὦῗο0. CXXICCXCVV’ 1130.
1Ε11111111ῒ81111110100001, 0100001, 00. 100,, CXXXIV,

118.

1000100100 (8.), presbyter 01 0101101000, 888011111-

CXXVIII.

1000100100,110000, presbyt. 602, CXXIX, 538.
1001000 801 00.,,Γο000]1., 073, CLI, 1205.
10001000, 8. 01011 00001100.,1111, 011, 1213.
11001100, 11000110 presbyt, 1117, CLXXIX, 1811.
10011100, lirano.. Xrunbyt, 00. 100, CXXIX. 1013.
800010000001, ngIo-Suxnu, 730, 10-101.
1000010101030121·11· 0001111, 101.
8011001001, 0100001, 1000, 1111, 330.

 

